P 1 15 15 4 0 48
P 2 8.09072109063 7.54110841181 5 1 100
P 3 12.0755084871 5.26241569163 5 2 100
P 4 19.9717888656 23.6942488708 4 0 59
P 5 17.6697679456 19.6686670681 3 0 27
P 6 18.2136006885 20.6196763203 2 0 2
P 7 17.0920409519 18.6583863828 4 0 10
P 8 22.0581161221 27.3426436206 5 0 100
P 9 17.1899384941 2.46576866582 1 0 12
P 10 3.08663455431 10.5307148777 1 0 12
P 11 21.1929624915 23.0922827925 1 0 2
P 12 18.833663675 24.4414431123 1 0 2
P 13 12.4878573168 29.4519261636 3 0 25
P 14 28.7295535829 20.1641445676 3 0 25
P 15 17.6045874404 7.4397093542 4 0 3
P 16 7.16318334079 13.4106054506 4 0 3
P 17 3.12372051334 14.8708805695 3 0 20
P 18 20.9117425369 4.69883567501 3 0 20
P 19 28.2801267923 10.4938735529 1 0 16
P 20 4.3813701362 24.1603298518 1 0 16
P 21 12.9818499646 4.54861531902 4 0 31
P 22 7.01587680864 7.96024516191 4 0 31
P 23 7.49646210773 22.2309778336 2 0 47
P 24 25.0374857738 12.200178457 2 0 47
P 25 25.9494780552 6.68027915448 3 0 60
P 26 2.27657105415 20.2175837788 3 0 60
P 27 5.2147643239 25.637970218 3 0 88
P 28 29.1309910903 11.9615236714 3 0 88
P 29 2.77552572115 18.3824093328 2 0 98
P 30 24.1147723156 6.17960375471 2 0 98
